9 0.0421875 0.934375 0.084375 0.13046875
9 0.0953125 0.675 0.08828125 0.04453125
9 0.175 0.90234375 0.1484375 0.1421875
9 0.1390625 0.55625 0.0421875 0.02578125
9 0.2375 0.5875 0.05390625 0.05546875
9 0.29296875 0.540625 0.0578125 0.0484375
9 0.31875 0.48203125 0.05390625 0.034375
9 0.33203125 0.6859375 0.07578125 0.053125
9 0.3953125 0.47890625 0.0546875 0.03125
9 0.5484375 0.7734375 0.1109375 0.06015625
9 0.6890625 0.41875 0.05625 0.0515625
9 0.8390625 0.784375 0.1390625 0.09453125
9 0.84609375 0.44453125 0.02734375 0.04140625
9 0.97265625 0.81640625 0.053125 0.121875
