9 0.16875 0.465625 0.11796875 0.10703125
9 0.0453125 0.31328125 0.0515625 0.0734375
9 0.07265625 0.3375 0.06171875 0.08046875
9 0.0703125 0.390625 0.0453125 0.0546875
9 0.10625 0.2890625 0.0328125 0.0484375
9 0.2109375 0.65078125 0.22109375 0.16875
9 0.125 0.33359375 0.03671875 0.07578125
9 0.16484375 0.35390625 0.04609375 0.05859375
9 0.23359375 0.403125 0.0984375 0.0984375
9 0.2 0.3265625 0.02578125 0.0484375
9 0.25703125 0.3828125 0.1015625 0.071875
9 0.328125 0.471875 0.0296875 0.0546875
9 0.3296875 0.36796875 0.03203125 0.04609375
9 0.34375 0.4203125 0.0375 0.06953125
9 0.3875 0.37265625 0.0546875 0.05546875
9 0.40546875 0.4234375 0.04921875 0.05390625
9 0.4171875 0.5359375 0.05625 0.12734375
9 0.4453125 0.42421875 0.06015625 0.0734375
9 0.48984375 0.40234375 0.0546875 0.0890625
9 0.59296875 0.434375 0.0359375 0.08671875
9 0.6296875 0.5234375 0.0515625 0.059375
9 0.7078125 0.4875 0.0546875 0.0578125
